 75  75  75  75  75  80 126 126 126 126  80  75  75  75  75  75
 75  75  75  75  75  92 255 255 255 255  92  75  75  75  75  75
 75  75  75  75  75  92 255 255 255 255  92  75  75  75  75  75
 75  75  75  75  75  92 255 255 255 255  92  75  75  75  75  75
 75  75  75  75  75  92 255 255 255 255  92  75  75  75  75  75
 80  92  92  92  92 107 255 255 255 255 107  92  92  92  92  80
126 255 255 255 255 255 255 255 255 255 255 255 255 255 255 126
126 255 255 255 255 255 218 211  96 101 255 255 255 255 255 126
126 255 255 255 255 255  93 168 208 218 255 255 255 255 255 126
126 255 255 255 255 255 255 255 255 255 255 255 255 255 255 126
 80  92  92  92  92 107 255 255 255 255 107  92  92  92  92  80
 75  75  75  75  75  92 255 255 255 255  92  75  75  75  75  75
 75  75  75  75  75  92 255 255 255 255  92  75  75  75  75  75
 75  75  75  75  75  92 255 255 255 255  92  75  75  75  75  75
 75  75  75  75  75  92 255 255 255 255  92  75  75  75  75  75
 75  75  75  75  75  80 126 126 126 126  80  75  75  75  75  75
  1   1   1   1   1   8  72  72  72  72   8   1   1   1   1   1
  1   1   1   1   1  25 255 255 255 255  25   1   1   1   1   1
  1   1   1   1   1  25 255 255 255 255  25   1   1   1   1   1
  1   1   1   1   1  25 255 255 255 255  25   1   1   1   1   1
  1   1   1   1   1  25 255 255 255 255  25   1   1   1   1   1
  8  25  25  25  25  46 255 255 255 255  46  25  25  25  25   8
 72 255 255 255 255 255 255 255 255 255 255 255 255 255 255  72
 72 255 255 255 255 255 218 211  96 101 255 255 255 255 255  72
 72 255 255 255 255 255  93 168 208 218 255 255 255 255 255  72
 72 255 255 255 255 255 255 255 255 255 255 255 255 255 255  72
  8  25  25  25  25  46 255 255 255 255  46  25  25  25  25   8
  1   1   1   1   1  25 255 255 255 255  25   1   1   1   1   1
  1   1   1   1   1  25 255 255 255 255  25   1   1   1   1   1
  1   1   1   1   1  25 255 255 255 255  25   1   1   1   1   1
  1   1   1   1   1  25 255 255 255 255  25   1   1   1   1   1
  1   1   1   1   1   8  72  72  72  72   8   1   1   1   1   1
 33  33  33  33  33  39  95  95  95  95  39  33  33  33  33  33
 33  33  33  33  33  54 255 255 255 255  54  33  33  33  33  33
 33  33  33  33  33  54 255 255 255 255  54  33  33  33  33  33
 33  33  33  33  33  54 255 255 255 255  54  33  33  33  33  33
 33  33  33  33  33  54 255 255 255 255  54  33  33  33  33  33
 39  54  54  54  54  73 255 255 255 255  73  54  54  54  54  39
 95 255 255 255 255 255 255 255 255 255 255 255 255 255 255  95
 95 255 255 255 255 255 218 211  96 101 255 255 255 255 255  95
 95 255 255 255 255 255  93 168 208 218 255 255 255 255 255  95
 95 255 255 255 255 255 255 255 255 255 255 255 255 255 255  95
 39  54  54  54  54  73 255 255 255 255  73  54  54  54  54  39
 33  33  33  33  33  54 255 255 255 255  54  33  33  33  33  33
 33  33  33  33  33  54 255 255 255 255  54  33  33  33  33  33
 33  33  33  33  33  54 255 255 255 255  54  33  33  33  33  33
 33  33  33  33  33  54 255 255 255 255  54  33  33  33  33  33
 33  33  33  33  33  39  95  95  95  95  39  33  33  33  33  33

 75  75  75  75  75 111 154 154 154 154 111  75  75  75  75  75
 75  75  75  75  75 158 255 255 255 255 158  75  75  75  75  75
 75  75  75  75  75 158 255 255 255 255 158  75  75  75  75  75
 75  75  75  75  75 158 255 255 255 255 158  75  75  75  75  75
 75  75  75  75  75 158 255 255 255 255 158  75  75  75  75  75
111 158 158 158 158 202 255 255 247 255 202 158 158 158 158 111
154 255 255 255 255 255 246 162 147 255 255 255 255 255 255 154
154 255 255 255 255 255 232 127 157 255 255 255 255 255 255 154
154 255 255 255 255 255 242 152 145 255 255 255 255 255 255 154
154 255 255 255 255 255 240 166 164 255 255 255 255 255 255 154
111 158 158 158 158 202 252 249 255 255 202 158 158 158 158 111
 75  75  75  75  75 158 255 255 255 255 158  75  75  75  75  75
 75  75  75  75  75 158 255 255 255 255 158  75  75  75  75  75
 75  75  75  75  75 158 255 255 255 255 158  75  75  75  75  75
 75  75  75  75  75 158 255 255 255 255 158  75  75  75  75  75
 75  75  75  75  75 111 154 154 154 154 111  75  75  75  75  75
  1   1   1   1   1  52 112 112 112 112  52   1   1   1   1   1
  1   1   1   1   1 118 255 255 255 255 118   1   1   1   1   1
  1   1   1   1   1 118 255 255 255 255 118   1   1   1   1   1
  1   1   1   1   1 118 255 255 255 255 118   1   1   1   1   1
  1   1   1   1   1 118 255 255 255 255 118   1   1   1   1   1
 52 118 118 118 118 181 255 255 247 255 181 118 118 118 118  52
112 255 255 255 255 255 246 162 147 255 255 255 255 255 255 112
112 255 255 255 255 255 232 127 157 255 255 255 255 255 255 112
112 255 255 255 255 255 242 152 145 255 255 255 255 255 255 112
112 255 255 255 255 255 240 166 164 255 255 255 255 255 255 112
 52 118 118 118 118 181 252 249 255 255 181 118 118 118 118  52
  1   1   1   1   1 118 255 255 255 255 118   1   1   1   1   1
  1   1   1   1   1 118 255 255 255 255 118   1   1   1   1   1
  1   1   1   1   1 118 255 255 255 255 118   1   1   1   1   1
  1   1   1   1   1 118 255 255 255 255 118   1   1   1   1   1
  1   1   1   1   1  52 112 112 112 112  52   1   1   1   1   1
 33  33  33  33  33  77 130 130 130 130  77  33  33  33  33  33
 33  33  33  33  33 135 255 255 255 255 135  33  33  33  33  33
 33  33  33  33  33 135 255 255 255 255 135  33  33  33  33  33
 33  33  33  33  33 135 255 255 255 255 135  33  33  33  33  33
 33  33  33  33  33 135 255 255 255 255 135  33  33  33  33  33
 77 135 135 135 135 190 255 255 247 255 190 135 135 135 135  77
130 255 255 255 255 255 246 162 147 255 255 255 255 255 255 130
130 255 255 255 255 255 232 127 157 255 255 255 255 255 255 130
130 255 255 255 255 255 242 152 145 255 255 255 255 255 255 130
130 255 255 255 255 255 240 166 164 255 255 255 255 255 255 130
 77 135 135 135 135 190 252 249 255 255 190 135 135 135 135  77
 33  33  33  33  33 135 255 255 255 255 135  33  33  33  33  33
 33  33  33  33  33 135 255 255 255 255 135  33  33  33  33  33
 33  33  33  33  33 135 255 255 255 255 135  33  33  33  33  33
 33  33  33  33  33 135 255 255 255 255 135  33  33  33  33  33
 33  33  33  33  33  77 130 130 130 130  77  33  33  33  33  33

 75  75  75  75  75 111 154 154 154 154 111  75  75  75  75  75
 75  75  75  75  75 158 255 255 255 255 158  75  75  75  75  75
 75  75  75  75  75 158 255 255 255 255 158  75  75  75  75  75
 75  75  75  75  75 158 255 255 255 255 158  75  75  75  75  75
 75  75  75  75  75 158 255 255 255 255 158  75  75  75  75  75
111 158 158 158 158 202 255 255 255 255 202 158 158 158 158 111
154 255 255 255 255 255 255 255 255 255 255 255 255 255 255 154
154 255 255 255 255 247 147 157 145 164 255 255 255 255 255 154
154 255 255 255 255 255 162 127 152 166 249 255 255 255 255 154
154 255 255 255 255 255 246 232 242 240 252 255 255 255 255 154
111 158 158 158 158 202 255 255 255 255 202 158 158 158 158 111
 75  75  75  75  75 158 255 255 255 255 158  75  75  75  75  75
 75  75  75  75  75 158 255 255 255 255 158  75  75  75  75  75
 75  75  75  75  75 158 255 255 255 255 158  75  75  75  75  75
 75  75  75  75  75 158 255 255 255 255 158  75  75  75  75  75
 75  75  75  75  75 111 154 154 154 154 111  75  75  75  75  75
  1   1   1   1   1  52 112 112 112 112  52   1   1   1   1   1
  1   1   1   1   1 118 255 255 255 255 118   1   1   1   1   1
  1   1   1   1   1 118 255 255 255 255 118   1   1   1   1   1
  1   1   1   1   1 118 255 255 255 255 118   1   1   1   1   1
  1   1   1   1   1 118 255 255 255 255 118   1   1   1   1   1
 52 118 118 118 118 181 255 255 255 255 181 118 118 118 118  52
112 255 255 255 255 255 255 255 255 255 255 255 255 255 255 112
112 255 255 255 255 247 147 157 145 164 255 255 255 255 255 112
112 255 255 255 255 255 162 127 152 166 249 255 255 255 255 112
112 255 255 255 255 255 246 232 242 240 252 255 255 255 255 112
 52 118 118 118 118 181 255 255 255 255 181 118 118 118 118  52
  1   1   1   1   1 118 255 255 255 255 118   1   1   1   1   1
  1   1   1   1   1 118 255 255 255 255 118   1   1   1   1   1
  1   1   1   1   1 118 255 255 255 255 118   1   1   1   1   1
  1   1   1   1   1 118 255 255 255 255 118   1   1   1   1   1
  1   1   1   1   1  52 112 112 112 112  52   1   1   1   1   1
 33  33  33  33  33  77 130 130 130 130  77  33  33  33  33  33
 33  33  33  33  33 135 255 255 255 255 135  33  33  33  33  33
 33  33  33  33  33 135 255 255 255 255 135  33  33  33  33  33
 33  33  33  33  33 135 255 255 255 255 135  33  33  33  33  33
 33  33  33  33  33 135 255 255 255 255 135  33  33  33  33  33
 77 135 135 135 135 190 255 255 255 255 190 135 135 135 135  77
130 255 255 255 255 255 255 255 255 255 255 255 255 255 255 130
130 255 255 255 255 247 147 157 145 164 255 255 255 255 255 130
130 255 255 255 255 255 162 127 152 166 249 255 255 255 255 130
130 255 255 255 255 255 246 232 242 240 252 255 255 255 255 130
 77 135 135 135 135 190 255 255 255 255 190 135 135 135 135  77
 33  33  33  33  33 135 255 255 255 255 135  33  33  33  33  33
 33  33  33  33  33 135 255 255 255 255 135  33  33  33  33  33
 33  33  33  33  33 135 255 255 255 255 135  33  33  33  33  33
 33  33  33  33  33 135 255 255 255 255 135  33  33  33  33  33
 33  33  33  33  33  77 130 130 130 130  77  33  33  33  33  33

 75  75  75  75  75 111 154 154 154 154 111  75  75  75  75  75
 75  75  75  75  75 158 255 255 255 255 158  75  75  75  75  75
 75  75  75  75  75 158 255 255 255 255 158  75  75  75  75  75
 75  75  75  75  75 158 255 255 255 255 158  75  75  75  75  75
 75  75  75  75  75 158 255 255 255 255 158  75  75  75  75  75
111 158 158 158 158 202 255 255 249 252 202 158 158 158 158 111
154 255 255 255 255 255 255 164 166 240 255 255 255 255 255 154
154 255 255 255 255 255 255 145 152 242 255 255 255 255 255 154
154 255 255 255 255 255 255 157 127 232 255 255 255 255 255 154
154 255 255 255 255 255 255 147 162 246 255 255 255 255 255 154
111 158 158 158 158 202 255 247 255 255 202 158 158 158 158 111
 75  75  75  75  75 158 255 255 255 255 158  75  75  75  75  75
 75  75  75  75  75 158 255 255 255 255 158  75  75  75  75  75
 75  75  75  75  75 158 255 255 255 255 158  75  75  75  75  75
 75  75  75  75  75 158 255 255 255 255 158  75  75  75  75  75
 75  75  75  75  75 111 154 154 154 154 111  75  75  75  75  75
  1   1   1   1   1  52 112 112 112 112  52   1   1   1   1   1
  1   1   1   1   1 118 255 255 255 255 118   1   1   1   1   1
  1   1   1   1   1 118 255 255 255 255 118   1   1   1   1   1
  1   1   1   1   1 118 255 255 255 255 118   1   1   1   1   1
  1   1   1   1   1 118 255 255 255 255 118   1   1   1   1   1
 52 118 118 118 118 181 255 255 249 252 181 118 118 118 118  52
112 255 255 255 255 255 255 164 166 240 255 255 255 255 255 112
112 255 255 255 255 255 255 145 152 242 255 255 255 255 255 112
112 255 255 255 255 255 255 157 127 232 255 255 255 255 255 112
112 255 255 255 255 255 255 147 162 246 255 255 255 255 255 112
 52 118 118 118 118 181 255 247 255 255 181 118 118 118 118  52
  1   1   1   1   1 118 255 255 255 255 118   1   1   1   1   1
  1   1   1   1   1 118 255 255 255 255 118   1   1   1   1   1
  1   1   1   1   1 118 255 255 255 255 118   1   1   1   1   1
  1   1   1   1   1 118 255 255 255 255 118   1   1   1   1   1
  1   1   1   1   1  52 112 112 112 112  52   1   1   1   1   1
 33  33  33  33  33  77 130 130 130 130  77  33  33  33  33  33
 33  33  33  33  33 135 255 255 255 255 135  33  33  33  33  33
 33  33  33  33  33 135 255 255 255 255 135  33  33  33  33  33
 33  33  33  33  33 135 255 255 255 255 135  33  33  33  33  33
 33  33  33  33  33 135 255 255 255 255 135  33  33  33  33  33
 77 135 135 135 135 190 255 255 249 252 190 135 135 135 135  77
130 255 255 255 255 255 255 164 166 240 255 255 255 255 255 130
130 255 255 255 255 255 255 145 152 242 255 255 255 255 255 130
130 255 255 255 255 255 255 157 127 232 255 255 255 255 255 130
130 255 255 255 255 255 255 147 162 246 255 255 255 255 255 130
 77 135 135 135 135 190 255 247 255 255 190 135 135 135 135  77
 33  33  33  33  33 135 255 255 255 255 135  33  33  33  33  33
 33  33  33  33  33 135 255 255 255 255 135  33  33  33  33  33
 33  33  33  33  33 135 255 255 255 255 135  33  33  33  33  33
 33  33  33  33  33 135 255 255 255 255 135  33  33  33  33  33
 33  33  33  33  33  77 130 130 130 130  77  33  33  33  33  33
